35 1033
35 103515
35 1103960
35 1103985
35 1109199
35 1112911
35 1113438
35 1113831
35 1114331
35 1117476
35 1119505
35 1119708
35 1120431
35 1123756
35 1125386
35 1127430
35 1127913
35 1128204
35 1128227
35 1128314
35 1128453
35 1128945
35 1128959
35 1128985
35 1129018
35 1129027
35 1129573
35 1129683
35 1129778
35 1130847
35 1130856
35 1131116
35 1131360
35 1131557
35 1131752
35 1133196
35 1133338
35 1136814
35 1137466
35 1152421
35 1152508
35 1153065
35 1153280
35 1153577
35 1153853
35 1153943
35 1154176
35 1154459
35 116552
35 12576
35 128540
35 132806
35 135130
35 141342
35 141347
35 148170
35 15670
35 1688
35 175291
35 178727
35 18582
35 190697
35 190706
35 1956
35 197054
35 198443
35 198653
35 206371
35 210871
35 229635
35 231249
35 248425
35 254923
35 259701
35 259702
35 263279
35 263498
35 265203
35 273152
35 28290
35 286500
35 287787
35 28851
35 289779
35 289780
35 289781
35 307015
35 335733
35 33904
35 33907
35 35061
35 38205
35 387795
35 415693
35 41714
35 427606
35 44368
35 45599
35 46079
35 46431
35 486840
35 48766
35 503883
35 503893
35 513189
35 54129
35 54131
35 56119
35 561238
35 568857
35 573964
35 573978
35 574009
35 574264
35 574462
35 575077
35 575292
35 575331
35 576725
35 576795
35 577227
35 578780
35 579008
35 592973
35 593091
35 593105
35 593240
35 593260
35 593813
35 594047
35 594543
35 594649
35 594900
35 608326
35 634902
35 634904
35 634938
35 634975
35 640617
35 646809
35 646837
35 647408
35 647447
35 66556
35 66563
35 66805
35 69284
35 69296
35 694759
35 735303
35 78511
35 787016
35 801170
35 81722
35 82098
35 84021
35 85352
35 8865
35 887
35 97645
35 98698
40 1109017
40 1114442
40 116552
434 267003
463 58454
887 10796
887 1112911
887 114308
887 12576
887 170798
887 19045
887 20972
887 265203
887 28456
887 35490
887 38205
887 595056
887 64519
887 87363
936 1107010
936 1111899
936 129558
936 1956
936 207395
936 3084
936 3828
936 38845
940 20180
940 28265
940 3828
941 129558
941 20180
941 28265
941 3828
941 940
943 1152896
943 3828
943 91852
1026 1034
1026 1102550
1026 1105231
1026 1129798
1026 1153945
1033 1034
1033 1107062
1034 1153945
1035 1034
1035 1107062
1035 1110515
1246 1102400
1246 1104007
1246 42207
1246 6125
1272 1102625
1272 1108167
1272 1120962
1272 112378
1272 1123867
1272 1128256
1272 1135125
1272 1135358
1272 157805
1272 18615
1272 192734
1272 20593
1272 254923
1272 27230
1272 284414
1272 444240
1272 520471
1272 52835
1272 552469
1272 591016
1272 636098
1272 65653
1272 6917
1272 6923
1272 85452
1272 85688
1272 93923
1272 97892
1481 1102567
1481 1108267
1481 1111614
1481 1113934
1481 1114864
1481 1117184
1481 1119295
1481 1120563
1481 1153891
1481 200480
1481 399173
1481 4878
1481 521207
1481 521269
1688 1103985
1688 1131360
1688 1133338
1688 1134022
1688 1136814
1688 1153065
1688 152483
1688 1694
1688 39474
1688 44368
1688 576725
1688 647413
1688 69284
1688 694759
1688 84021
1694 39474
1817 1114502
1949 129042
1949 3101
1951 3095
1952 1107215
1952 1111899
1952 1949
1952 3101
1953 1153166
1953 1153724
1953 1153728
1953 1949
1955 110163
1955 1110390
1955 1125386
1955 1956
1956 101143
1956 1111899
1956 1118302
1956 1153101
1956 1153150
1956 1817
1956 263486
1956 83449
1959 101143
1959 1152896
1959 1153728
1959 170798
1959 207395
1959 3097
1959 310530
1959 38839
1959 73327
1959 82664
1997 1102442
1997 1108551
1997 1109439
1997 1109542
1997 129897
1997 154982
1997 3233
1997 49811
1997 7032
1999 1102442
1999 1123068
1999 1131471
1999 39126
1999 6771
2354 10186
2354 1107140
2354 1113852
2354 1130539
2354 154134
2354 40151
2354 74749
2440 1000012
2440 1061127
2440 1106388
2440 1107095
2440 1108551
2440 1110426
2440 1114512
2440 1117786
2440 1119295
2440 1120650
2440 1127619
2440 1153254
2440 136766
2440 136768
2440 151430
2440 18615
2440 212777
2440 23546
2440 27230
2440 49811
2440 49843
2440 49844
2440 49847
2440 582343
2440 591016
2440 591017
2440 63931
2440 6917
2440 6923
2440 72908
2653 102406
2653 107177
2653 1116268
2653 1116842
2653 1118764
2653 1119751
2653 1152075
2653 167656
2653 175291
2653 197783
2653 28641
2653 321861
2653 350362
2653 4660
2653 59045
2653 6125
2653 65650
2654 1104851
2654 1106630
2654 1107861
2654 1110438
2654 1116842
2654 1121867
2654 1123926
2654 1152075
2654 197783
2654 211906
2654 27250
2654 463825
2654 52784
3084 1107171
3084 255233
3084 33303
3085 15889
3085 221302
3085 30973
3085 395725
3085 5062
3085 83449
3095 110162
3095 110163
3095 218682
3095 83449
3097 1106236
3097 129045
3097 1949
3097 1952
3097 3101
3101 110162
3101 110163
3101 110164
3101 70441
3112 103529
3112 110163
3112 110164
3112 1152564
3112 1949
3112 470511
3112 77826
3112 77829
3217 1000012
3217 167670
3217 238099
3217 65653
3217 86840
3218 1106492
3218 1110426
3218 1119987
3218 1120169
3218 1152290
3218 1153264
3218 187354
3218 277263
3218 35070
3218 417017
3218 49843
3218 6639
3218 66782
3218 6767
3218 6941
3220 1115677
3220 1125992
3220 1128430
3220 1130634
3220 1131728
3220 1132706
3220 120039
3220 145215
3220 167670
3220 346243
3220 36620
3220 39124
3220 40922
3220 429805
3220 654177
3220 69397
3220 8832
3222 1103737
3222 1114222
3222 1131137
3222 1132157
3222 167656
3222 964248
3223 1132157
3223 1153101
3223 1153150
3223 167656
3223 167670
3231 104840
3231 1102761
3231 1106330
3231 1106370
3231 1107067
3231 1113926
3231 1115471
3231 1125386
3231 1128536
3231 1131471
3231 1153169
3231 167670
3231 200480
3231 20850
3231 259126
3231 263279
3231 3237
3231 328370
3231 39124
3231 39126
3231 46431
3231 49660
3231 6334
3231 63477
3231 63486
3231 636098
3231 66594
3231 68463
3231 8699
3231 8821
3232 1106330
3232 1123068
3232 1128536
3232 20850
3232 20942
3232 521251
3232 66594
3233 1103737
3233 1114222
3233 1125467
3233 192850
3233 1997
3233 272720
3233 509379
3233 66594
3233 976284
3235 1114222
3235 65653
3236 1125467
3236 167670
3236 3233
3236 3237
3236 601561
3237 964248
3240 1110531
3240 1131137
3240 3233
3240 36620
3240 39130
3240 964248
3828 1152896
3828 1956
3828 207395
3828 310530
3932 5075
4274 1105428
4274 1114664
4274 1119078
4637 164
4649 1105887
4649 1127851
4649 135765
4649 135766
4649 411092
4649 434
4649 449841
4649 6917
4649 8703
4660 18615
4660 429781
4660 5038
4660 582343
4804 102884
4804 1108175
4804 1112574
4804 1153262
4804 12182
4804 12210
4804 157761
4804 164
4804 25805
4804 45189
4804 68505
4804 77515
4804 976284
4804 989397
4878 1102567
4983 7867
5055 1104851
5055 1107861
5055 1119751
5055 1121867
5055 129897
5055 167656
5062 1120563
5062 28026
5062 5064
5062 5069
5062 521207
5064 1120563
5064 1121176
5064 1129106
5064 272345
5064 28026
5064 385067
5064 5069
5069 1120563
5069 385067
5069 5064
5075 1120563
5075 5064
5075 5069
5600 1022969
5600 1117833
5600 255233
5600 33303
5600 77826
5959 1102625
5959 152226
5959 545647
5959 582511
5966 1102625
5966 1106388
5966 1107861
5966 1110390
5966 1114502
5966 68463
5966 86840
5966 8699
6125 1107572
6125 12211
6125 27612
6125 28641
6125 385251
6311 1114864
6311 1115677
6311 235776
6311 69397
6318 1108656
6318 1119295
6318 1121057
6318 20833
6334 1107067
6334 1116268
6334 1152307
6334 1152448
6334 1152975
6334 1153169
6334 1153703
6334 200480
6334 20850
6334 3231
6334 444240
6334 46431
6334 68463
6343 1125992
6343 141868
6343 200480
6343 359067
6343 521252
6344 1112665
6344 200480
6346 1106103
6346 1112075
6639 116084
6639 178209
6639 568045
6639 591017
6741 1130637
6741 1153160
6741 348437
6741 411092
6741 417017
6741 49895
6741 51909
6741 83725
6741 9708
6767 1106103
6767 1114864
6767 1120444
6767 235776
6767 6334
6767 6925
6767 69397
6771 65653
6782 1123068
6782 463825
6917 1153811
6917 449841
6923 1155073
6923 187354
6923 20857
6923 308003
6923 6941
6923 93923
6925 1114526
6925 1118658
6925 372862
6925 57922
6925 57948
6935 1000012
6935 101660
6935 1106388
6935 1115670
6935 1120650
6935 18615
6935 238099
6935 308003
6939 1116922
6941 372862
7032 1109439
7032 1110438
7032 52847
7867 1138027
7867 315789
8079 1103737
8079 1121867
8079 154982
8079 192850
8079 27250
8079 39124
8224 1108728
8224 1110426
8224 1111788
8224 1128531
8224 1132815
8224 11342
8224 1153148
8224 1153866
8224 133615
8224 22431
8224 22563
8224 23738
8224 263279
8224 49843
8224 49844
8224 49847
8224 55403
8224 601567
8224 62389
8224 6311
8224 65653
8224 6639
8224 97377
8617 1116268
8617 175291
8617 36145
8617 52784
8619 175291
8619 36145
8687 1102751
8687 38000
8696 104840
8696 1102751
8699 104840
8699 1102751
8703 101145
8703 104840
8703 1102751
8703 1105428
8703 1119078
8703 173884
8703 27535
8703 308232
8703 434
8703 502574
8703 51866
8703 51909
8703 59244
8703 89335
8821 1102761
8821 1153811
8832 1102761
8865 103515
8865 1129570
8865 395075
8865 608292
8865 647408
8865 785678
8865 8875
8872 1104647
8872 1125092
8872 1152761
8872 1153860
8872 197054
8872 229635
8872 395075
8872 8875
8874 1120643
8874 1153816
8874 395075
8874 608292
8874 646809
8874 647447
8874 8875
8875 1129570
8875 1152676
8875 18582
8875 395075
8875 608292
9513 102879
9515 102879
9515 4804
9515 9513
9586 1120138
9586 33818
9708 1130539
9708 1153003
9708 136766
9708 136768
9716 1153262
9716 28674
9716 6539
10169 1107067
10169 1123867
10169 114189
10169 158614
10169 17798
10169 20850
10169 211875
10169 259126
10169 3231
10169 39126
10169 39131
10169 49660
10169 552469
10169 6334
10169 63477
10169 63486
10169 636098
10169 711598
10169 85452
10174 10186
10177 10169
10177 1112574
10177 12197
10177 12198
10177 12210
10177 124734
10177 15429
10177 164
10177 249858
10177 27606
10177 4804
10177 67415
10177 68495
10177 68505
10177 9515
10183 10186
10183 10430
10183 1108267
10183 1110947
10183 1114336
10183 1120713
10183 259772
10183 47570
10183 54550
10186 86840
10430 1120713
10430 3095
10435 1103394
10435 112378
10435 208345
10435 22566
10435 41417
10435 8703
10531 1102850
10531 1107567
10531 1129442
10531 1130634
10531 194617
10531 31336
10531 31349
10531 31353
10531 36620
10531 43698
10531 686532
10796 1110947
10796 1113934
10796 1135358
10796 1153148
10796 20942
10796 31097
10796 417017
10796 46536
10796 601567
10796 8699
10798 10183
10798 10796
10798 1154500
10798 18619
10798 20193
10798 212777
10798 252715
10798 434
10798 601561
10798 8703
10798 97892
11326 11339
11335 1127657
11335 11325
11335 1153264
11335 20833
11335 217139
11335 35070
11335 49843
11335 545647
11335 582511
11337 1128256
11339 11326
11339 211432
11339 44017
11339 45061
11342 463825
11342 65650
12155 1126350
12158 12199
12158 148399
12165 1107567
12165 1112099
12169 1119471
12169 4637
12169 989397
12182 1059953
12182 1106418
12182 1117249
12182 1118764
12182 12165
12182 12211
12182 155736
12182 157761
12182 219239
12182 28640
12182 28641
12182 309476
12182 321861
12182 429781
12182 4660
12182 5038
12182 65650
12194 27199
12195 1107319
12195 1107567
12195 1112099
12195 1131611
12195 1132285
12195 12165
12195 38722
12195 51180
12197 111866
12197 1119471
12197 68495
12198 1126350
12198 12158
12198 12199
12198 164
12198 27612
12198 95225
12199 1119471
12199 12247
12210 1112574
12210 12182
12210 4804
12210 57948
12210 6125
12210 67415
12210 77515
12211 12165
12238 101263
12238 1107567
12238 1112099
12238 12165
12247 1119471
12247 148399
12350 101811
12350 1104007
12350 1107319
12350 1131611
12350 12158
12350 12195
12350 12198
12350 12210
12350 152227
12350 157805
12350 20601
12350 20602
12350 27612
12350 4804
12350 6125
12350 6539
12350 67415
12350 68495
12576 1071981
12576 1104999
12576 1105221
12576 1107674
12576 1129573
12576 127033
12576 135130
12576 229635
12576 28290
12576 416455
12576 56112
12576 56119
12576 56709
12576 574710
12576 575795
12576 62718
12576 63832
12576 83725
12576 8875
13652 13654
13652 13656
13652 83746
13654 1115959
13654 119686
13654 83746
13654 987188
13656 1120431
13658 1115959
13658 1120431
13658 119686
13658 13656
13658 198443
13658 294239
13658 987188
13717 1110531
13717 37998
13717 38000
13982 34979
14062 1119708
14062 1152358
14062 1152421
14062 1153280
14062 1154459
14062 141347
14062 33907
14062 44368
14062 646836
14062 97390
14062 98693
14529 1103038
14529 1114864
14529 1119987
14529 239829
14531 1103038
14531 1105932
14531 1152308
14531 56167
14531 592830
14531 60682
14545 1103038
14545 14549
14549 1103038
14549 592830
15429 10169
15429 10177
15429 1104007
15429 1107572
15429 1114526
15429 1153160
15429 12197
15429 12350
15429 175576
15429 210309
15429 217115
15429 219239
15429 35854
15429 41666
15429 57948
15429 77515
15429 89547
15429 9513
15429 9515
15431 35854
15670 12558
15889 1110024
15889 1118388
15889 1152564
15889 1153891
15889 15892
15889 175909
15889 221302
15892 1116146
15892 1118388
17798 1119987
17798 1152308
17798 3231
17798 39131
17798 56167
17811 1107136
17811 63486
17821 245955
18615 1000012
18615 4660
18615 582343
18619 1153091
18619 18615
18619 4660
18773 167656
18773 88356
18781 1108175
18781 18785
18781 86840
19045 593210
19045 593328
19045 593329
19045 87363
19231 1107572
19231 1153736
19231 12960
19231 18619
19231 30934
20178 38829
20178 64271
20178 91853
20179 20178
20179 91852
20179 91853
20179 95188
20180 91853
20180 943
20193 1108597
20193 1114777
20193 1116397
20193 1116839
20193 1119180
20193 112813
20193 1130653
20193 1130657
20193 1138091
20193 1152244
20193 1153877
20193 1153879
20193 1153889
20193 144330
20193 3085
20193 30973
20193 395725
20193 5062
20193 566488
20193 566653
20193 566664
20193 91853
20584 1106849
20584 1111788
20584 1118823
20584 20592
20584 20593
20584 235776
20584 389715
20584 6311
20592 20593
20601 1108167
20601 1118209
20601 1121537
20601 12158
20601 12199
20601 12247
20601 124734
20601 20602
20601 25805
20601 42207
20601 95225
20602 1108167
20602 1121537
20602 12155
20602 12158
20602 12199
20602 12247
20602 20601
20602 42207
20602 95225
20821 1127851
20821 372862
20857 1127863
20857 1155073
20923 1115701
20923 1116530
20923 20924
20923 289885
20923 294030
20924 1108267
20924 1113934
20924 1115701
20924 289885
20924 294030
20924 521207
20972 1116181
22229 1103383
22229 1107418
22229 1112911
22229 1128369
22229 144701
22229 190697
22229 22241
22229 243483
22229 459216
22229 593105
22229 595193
22241 1103383
22241 1107418
22241 1128369
22241 595193
22386 1107010
22386 1128407
22386 207395
22386 310530
22386 38839
22386 38845
22386 38846
22386 3932
22431 1110426
22431 144330
22431 49843
22431 49844
22431 49847
22431 6639
22563 10435
22563 107251
22563 107252
22563 1103394
22563 1120962
22563 1121459
22563 1123926
22563 1786
22563 22564
22563 22566
22563 3220
22563 389715
22563 63915
22563 6767
22563 6771
22564 10435
22564 1103394
22564 22566
22566 10435
22566 1103394
22869 22876
22874 22876
22875 1110947
22875 1113934
22875 22876
22883 22876
22886 1107367
22886 1120444
22886 28447
23546 27230
23738 101662
23738 101811
23738 1118764
23738 11325
23738 11342
23738 1153064
23738 1153148
23738 22563
23738 27250
23738 411092
23738 65650
23738 84020
25772 1104769
25772 1105932
25772 1122580
25772 1126503
25772 1997
25794 582343
25805 1108167
25805 1110028
25805 1121063
25805 385251
27199 148399
27199 248119
27203 1106418
27203 1118209
27203 148399
27230 23545
27241 1106492
27241 1116268
27243 1104851
27243 59045
27246 1110390
27530 1106630
27530 1128542
27530 27531
27530 592826
27530 66594
27531 1106370
27531 763009
27535 1112026
27535 173884
27535 308232
27535 34961
27543 1106630
27543 1135125
27543 27531
27606 111866
27606 124734
27606 249858
27612 1118209
27612 12198
27895 1122580
27895 112378
27895 1132706
27895 1786
27895 23738
28026 5064
28026 5069
28230 1108267
28230 1123756
28265 1152436
28265 943
28267 1152896
28290 1104999
28290 1107674
28290 308529
28290 56709
28290 63832
28336 108047
28447 1107367
28447 1120444
28447 194645
28640 1059953
28640 28641
28649 12182
28649 155736
28649 155738
28851 54131
28851 578669
28851 595157
30934 12960
31055 1106630
31083 1123068
31083 48066
31105 1105672
31105 175291
31336 1129442
31336 31349
31336 686532
31349 686532
31353 10531
31353 1063773
31353 1107567
31353 1124844
31353 1129442
31353 1129608
31353 1135746
31353 194617
31353 286562
31353 31336
31353 31349
31353 31927
31353 43698
31353 686532
31353 686559
31479 1115701
31479 114189
31479 14549
31479 20592
31479 289885
31479 294030
31479 39165
31483 1131137
31483 118682
31483 39126
31483 39165
31769 67245
31769 67246
31927 1124844
31927 1129572
31927 194617
31927 31932
31932 194617
32083 1113995
32083 1120962
32083 1153933
32083 200630
32083 31769
32083 35061
32083 45605
32083 6771
32083 688361
33301 1022969
33301 33303
33325 1110256
33325 12960
33325 429781
33412 124296
33412 211875
33412 34708
33818 1120138
33818 78549
33818 78552
33818 78557
33823 1119004
33823 33818
33823 78549
33823 78552
33823 78557
33895 1103960
33895 1153577
33895 1154176
33895 33904
33895 593813
33895 82087
33904 1103960
33904 1110546
33907 1103960
33907 1134022
33907 1136814
33907 593091
33907 593813
34257 1106771
34257 1111186
34257 1114398
34257 1115456
34257 1116974
34257 1122642
34257 1153003
34257 192870
34257 34263
34257 34266
34257 368605
34257 87482
34257 90655
34263 1122642
34263 87482
34263 90655
34266 1122642
34266 34263
34266 90655
34708 102406
34708 120039
34708 211432
34961 22883
34979 1104007
34979 1106418
34979 13982
35061 1113438
35061 1152761
35061 1153860
35061 144701
35061 210871
35061 22229
35061 240791
35061 263498
35061 45605
35061 48766
35061 503871
35061 682815
35490 1104031
35490 1116410
35490 64271
35490 95188
35852 1035
35852 1113438
35852 41732
35852 486840
36145 1105672
36145 1116268
36145 272720
36145 52784
36162 1132815
36162 1152307
36162 1152448
36162 1152975
36162 1153703
36620 1128430
36620 120039
37483 1130539
37483 2440
37483 5959
37483 63931
37541 260979
38205 108047
38205 1128997
38205 1129610
38205 1153942
38205 117316
38205 592975
38205 592986
38205 593060
38205 595056
38205 606647
38205 61069
38722 1135746
38722 5038
38722 51180
38722 65650
38829 1107010
38829 1116397
38829 1152244
38839 310530
38845 1107010
38845 1110579
38846 1128407
38846 38845
39126 1107067
39126 88356
39127 1105932
39127 1128881
39127 1128927
39127 1128935
39127 116081
39127 116084
39127 116087
39127 195150
39127 277263
39127 3231
39127 46476
39127 49660
39127 52835
39127 592826
39127 592830
39127 75972
39130 346243
39130 36620
39130 39131
39130 521252
39131 1106330
39131 1131728
39131 3231
39131 6334
39165 1131137
39165 118682
39165 39126
39474 1694
40151 1104261
40151 1152307
40151 1152448
40151 1152975
40151 1153703
40151 49660
40886 1121459
40886 112378
40886 1131728
40886 141868
40886 145215
40886 429805
40886 654177
41417 1108329
41417 1113551
41417 128383
41666 943087
41714 1033
41714 1110515
41714 144212
41714 182094
41714 190697
41714 190706
41714 197054
41714 44455
41714 568857
41714 594047
41714 61069
42207 219239
42209 27199
42221 248119
42221 27199
42221 42209
42221 57948
42221 989397
43698 1129442
43698 31349
43698 686532
44017 1106492
44017 206524
44017 48075
44121 1104435
44368 1128227
44455 1128985
44455 128540
44455 227178
44455 387795
44455 41714
44455 568857
44514 210871
44514 606479
45052 1131266
45052 27250
45188 1130929
45188 192734
45188 350362
45188 45189
45188 976284
45189 1105450
45189 1132385
45189 192734
45189 192850
45189 272720
45189 45188
45189 976284
45533 1104495
45533 1106771
45533 1115456
45533 1116974
45533 34266
45533 87482
45603 1104647
45603 1125092
45605 1033
45605 1035
45605 1131639
45605 144212
45605 190706
45605 240791
45605 503871
45605 682815
45605 975567
46079 1152569
46079 69284
46452 1153091
46452 582343
46470 1105450
46491 107251
46491 107252
46491 1105672
46491 1118823
46491 1120169
46491 1152290
46491 137380
46491 308232
46491 37541
46491 389715
46491 46547
46491 51834
46547 107251
46547 1118823
46547 1786
46547 389715
46887 1111788
46887 1153106
46887 235776
46887 6311
47570 385067
47839 1124837
48764 1104647
48764 1125092
48766 1104647
48766 595056
48768 1104647
48781 1120643
48781 1134865
48781 397488
48781 423816
49660 3237
49660 66594
49720 49753
49753 49720
49811 3233
49811 463825
49843 1106388
49843 49844
49843 49847
49844 1127851
49847 49844
50807 1104749
50838 1126503
50838 25794
50980 73972
51180 1107319
51180 12195
51180 12350
51866 1119078
51866 22883
51866 27535
51866 34961
51879 1114664
51879 22883
51879 51866
51879 51909
51909 1105428
51909 173884
51909 502574
51934 14545
52000 1104809
52000 52007
52003 1104809
52003 1112194
52003 52000
52007 1104809
52784 1104851
52835 1115471
52847 1131471
52847 1153811
53942 1117184
53942 56167
54129 108047
54129 1128291
54129 1128319
54129 1136791
54129 117315
54129 117316
54129 28336
54129 578645
54129 578646
54129 578649
54129 578780
54129 593022
54129 594543
54131 1128982
54131 1153897
54131 141324
54131 243483
54131 459213
54131 459214
54131 578780
54131 593859
54131 593942
54131 59715
54131 66563
54132 1117476
54132 1128985
54132 578780
54132 579008
54132 593921
54132 594387
54132 59715
54132 62634
54550 5600
55403 1128531
55770 1114777
55770 208345
55770 521207
55801 208345
56112 1104999
56112 1107674
56112 127033
56112 56115
56112 56119
56112 63832
56112 83725
56115 1104999
56115 1107674
56115 1129573
56115 127033
56115 135130
56115 56119
56115 62718
56115 63486
56115 63832
56115 69284
56119 1104999
56119 1105221
56119 127033
56119 63832
56167 1117184
56167 1119178
56167 1152308
56167 239810
56167 359067
56708 308529
56708 56709
56709 1128959
56709 308529
56709 416455
57119 1129570
57119 1132731
57119 1152676
57119 1153942
57119 28456
57119 592975
57119 592986
57119 593060
57119 595056
57119 606647
57119 647408
57773 1154524
57773 235670
57922 1118658
57922 57948
57932 6925
57948 1114526
57948 1118658
57948 57922
58436 1114239
58436 87417
58453 87417
58454 144679
58454 87417
58758 1128204
58758 1128208
58758 1688
58758 33895
58758 576973
58758 69284
59045 1121867
59626 102406
59626 124734
59626 217115
59626 249858
59626 6125
59715 96845
60682 63477
61069 1107062
61069 1129610
61069 1153816
61069 28456
61069 975567
61073 975567
61312 1105231
61417 1106764
61417 212777
61417 94416
62329 1131565
62329 195792
62329 251756
62329 593155
62329 650834
62389 1107325
62607 294145
62634 243483
62718 127033
63486 509379
63486 83461
63486 96845
63812 1105360
63812 1121057
63812 1125393
63835 1110531
63915 145215
63915 38000
63915 6935
63915 6939
63931 1117786
63931 136766
63931 136768
63931 13717
63931 6939
64271 1152244
64271 38829
64271 73327
64271 91852
64271 95188
64319 111866
64319 249858
64519 154134
64519 37483
64519 63835
65650 1105450
65650 1118764
65650 309476
65650 5038
65653 1105450
65653 1112319
66556 1129778
66556 141324
66556 54131
66556 593859
66556 66563
66563 1123530
66563 96845
66564 141324
66564 593859
66564 593942
66564 66563
66594 8821
66596 362926
66596 8821
66751 1135750
66751 1138043
66751 573535
66751 693143
66751 695284
66782 1105505
66782 51834
66805 509315
66805 82090
66809 82090
67245 31769
67245 67246
67246 31769
67415 1110256
67415 1135746
67415 12195
67415 164
67415 171954
67415 38722
67415 51180
67633 1114777
67633 55801
69284 206371
69284 69296
69296 206371
70281 1105672
70281 1106630
70442 1107215
70442 70441
70444 1107215
70444 1108329
70444 128383
70444 70441
70444 70442
70970 1129683
70970 593068
70970 593329
72908 1127863
72908 6923
72908 93923
72908 954315
73323 1105810
73323 28447
73327 1105810
73327 1106236
73327 1153166
73327 1153724
73327 1153728
73712 1112194
73712 52003
73972 50980
74427 1106771
74427 1116974
74427 34257
74427 34266
74427 368605
74427 87482
74749 10186
74749 1113852
74749 2354
74975 1107041
74975 1128407
74975 38845
74975 38846
74975 3932
75121 1105887
75121 1106388
75121 22431
75121 417017
75969 1105932
75969 1128856
75969 1128935
75969 1153811
75969 591017
75969 592830
75972 1105932
75972 1128935
75972 592830
77108 1138043
77108 77112
77515 9513
77826 3112
77826 470511
77829 3112
77829 470511
78508 1120138
78511 575402
78511 735303
78511 9586
78552 33818
78552 78511
78552 78557
78552 9586
78555 1120138
78555 33818
78555 78557
78557 1120138
78557 33818
78557 78511
78557 78549
78557 9586
80656 13652
80656 13654
80656 13656
81714 81722
82090 82087
82098 82087
82664 1106236
82664 3097
82666 101143
82666 1106236
82666 3097
82920 1119708
82920 1125492
82920 1127913
82920 1128198
82920 1129367
82920 1129683
82920 1152358
82920 1152421
82920 1153280
82920 1153943
82920 1154459
82920 259702
82920 273152
82920 307015
82920 35
82920 513189
82920 573978
82920 576691
82920 608326
82920 70970
82920 81714
82920 84021
82920 98698
83449 218682
83449 22869
83449 22874
83461 954315
83725 12576
83725 56112
83725 56115
83725 56119
83725 62718
83746 294239
84020 1106298
84020 1106492
84021 1106298
84021 1133047
84021 18582
84021 263279
84021 415693
84021 509233
84021 98698
85352 1114331
85352 1127430
85352 1129027
85352 1152421
85352 1153280
85352 1153943
85352 1154459
85352 152483
85352 561238
85352 574462
85352 576691
85352 577086
85352 593091
85352 640617
85352 66556
85352 682815
85449 1120169
85449 1152290
85452 1120169
85452 1152290
85688 6539
85688 75121
85688 8224
85688 8703
85688 97892
86258 1106418
87363 593328
87417 1128453
87417 289779
87417 289780
87417 289781
87417 801170
87482 34266
89308 101145
89308 103528
89335 59244
89547 1112319
89547 1116328
89547 1132385
89547 1152379
89547 237376
89547 45188
89547 45189
89547 66805
89547 6771
89547 976284
90655 1122642
90655 34263
91852 20178
91853 1110579
91853 1116397
91853 1116410
91853 20178
92589 1131137
92589 173884
92589 39165
93273 248119
93273 989397
93755 175576
93923 6941
94416 1106764
94639 141324
94639 593105
94639 593813
94639 593859
94639 593942
94639 62634
94641 1102550
94641 1129018
94641 1153897
94641 116553
94641 594387
94641 62634
95188 1110579
95188 1116410
95198 1110579
95225 42207
95642 1107367
95642 28447
95642 990075
96847 594025
96851 594387
96851 96847
97377 211432
97377 3240
97377 39130
97390 100935
97390 1152358
97390 1153943
97390 33907
97390 98693
97645 33907
97645 593091
98693 1152358
98693 575331
98698 84021
100701 1107041
100935 1120643
100935 1134865
101143 101145
101143 596075
101261 101263
101263 1112099
101263 1139928
101263 28456
101660 1107095
101662 1107095
101811 101662
101811 1153064
101811 151430
101811 6935
102061 509315
102879 9513
102884 9513
103515 1113742
103515 1127913
103515 1128314
103515 1129778
103515 1153853
103515 246618
103515 459214
103515 54131
103515 575402
103528 103529
103528 1107171
103529 1107171
103531 1107171
103531 656048
107177 1119751
107251 107252
107251 389715
108047 1107418
108047 1128319
108047 1153853
108047 1153899
108047 28336
108047 578645
108047 578646
108047 578649
108047 578898
110041 1152358
110041 287787
110162 110163
110162 110164
110163 110162
110163 110164
111676 89308
111770 1119623
111866 249858
112099 1114777
112378 1121459
112378 1131728
112378 141868
112378 145215
112378 654177
112787 1120444
114189 88356
114308 63835
116021 12960
116081 116087
116081 277263
116084 116087
116084 195150
116084 568045
116084 75972
116528 1110438
116528 25772
116528 3237
116545 1128291
116545 1128319
116545 116553
116545 246618
116545 578645
116545 578649
116552 116553
116552 246618
116553 246618
117315 28336
117316 117315
117328 1115166
117328 38829
117328 91852
117328 95188
118873 1109566
118873 1115959
118873 987188
119686 198443
119686 987188
124296 51834
124734 1108167
124734 25805
124952 1119742
124952 1123756
124952 1126011
124952 189721
127033 1108267
127033 416455
127033 574710
128203 128202
128383 1108329
128540 387795
129042 1108363
129042 1121313
129042 129045
129045 1108363
129045 1121313
132806 45599
132806 48766
132806 593260
132821 695284
133615 1128531
133615 1153866
133615 55403
134199 1114331
134199 164885
134199 447224
134219 1112075
134219 447224
134219 503893
134219 81714
135130 1105221
135130 416455
135130 574710
135765 6917
135766 135765
135766 449841
135766 6917
135798 1108656
136766 348437
136767 136766
136767 348437
136768 136766
137359 1108728
137359 1118286
137359 1153101
137359 1153150
137380 1108728
137380 37541
137380 85449
137790 10186
137790 1113852
137790 128203
137790 2354
137790 74749
140005 86840
141324 1113438
141324 503877
141342 1119708
141342 35061
141342 40
141342 575292
141342 608191
141342 70970
141342 78511
141347 1119708
141868 429805
143323 1130539
143323 154134
143323 217139
143323 3084
143323 84021
144212 1131549
144330 63486
144679 1114239
144701 1112911
144701 1128975
144701 1128997
144701 1136342
144701 22229
144701 595063
145215 141868
145215 429805
145215 654177
148170 1109199
148170 1128997
148341 1109208
148341 1131116
151430 1115670
152226 1102400
152227 1139928
152227 152226
152227 987197
152483 583318
152483 593091
154982 1121867
154982 1130931
154982 1130934
154982 1133028
154982 129897
155158 397590
155158 8687
155736 155738
155738 155736
155738 157761
157761 219239
157805 6539
158614 10169
160732 1128853
160732 75969
164885 447224
166420 1119751
166825 1110024
166825 1118388
166989 1110028
166989 1121063
166989 25805
167670 1123068
170798 656231
171954 1110256
171954 1135750
171954 1138755
171954 820662
175256 1120643
175256 1133196
175256 682815
175291 52784
175909 112787
175909 1153891
175909 221302
177115 5069
177993 1110515
177998 1110515
177998 583318
178209 1000012
178209 116084
178209 195150
178209 568045
178209 75972
178718 1110546
178718 69296
178727 1110546
182093 197054
182094 1131550
182094 197054
182094 650814
187354 1117786
187354 1127851
187354 372862
190698 1114502
190698 190697
190698 198443
190706 144212
190706 182094
192850 272720
192870 1111186
192870 1114398
194609 1129572
194609 1154520
194609 126128
194609 215912
194609 31927
194609 563613
194617 1124844
194617 1129572
194617 215912
194617 31932
194645 248823
195150 568045
195792 19045
195792 377303
195792 593210
195792 682815
197054 1125092
198443 190697
198653 1113551
198653 1130539
198653 1152896
198653 3084
198653 887
198866 1153728
198866 73327
199571 46431
200630 643734
206371 69296
206524 48075
208345 1114777
208345 55801
210309 1111978
210871 1117476
210871 1128151
210871 1129629
210871 198653
210871 273152
210871 35
210871 38205
210871 568857
210871 575077
210871 595157
210871 59715
210871 81714
210871 887
210872 1129610
210872 210871
210872 273152
210872 35
210872 593260
210872 606479
213246 1122642
213246 34263
215912 31932
217115 1112319
217139 154134
218682 22874
219239 12247
219239 157761
219976 1116410
220420 1128227
221302 1153891
227178 1114502
227178 1128946
227178 1128985
227178 593240
227178 96847
231249 1125492
231249 1127913
235678 235670
235678 235679
235678 689439
235679 1154524
235679 235670
235679 235678
235679 57773
235679 689439
235683 1154524
235683 235670
235683 235678
235683 235679
235683 57773
238099 1127851
238401 1125386
239810 359067
240791 1113438
240791 45605
240791 503871
240791 650834
243483 459214
246618 1113742
246618 116553
248425 1113831
248425 1121398
248425 592975
248425 594387
248431 1113831
249858 111866
250566 1113926
251756 1102550
251756 195792
252715 601561
254923 108047
254923 444240
255233 33303
259701 1114331
259702 1114331
259702 1131116
259772 1114336
261040 110164
261040 1117184
262108 1114442
262121 1114442
262178 1114442
262178 1138968
262178 85449
263069 1131116
263069 148341
263279 1114502
263482 1114512
263482 1118302
263482 263486
263486 1114512
263498 1152761
263498 1153860
267003 75121
270600 1114838
270600 1153003
272720 192850
273152 210871
284414 1115456
286513 1131557
286513 177993
287787 1123756
287787 1130847
287787 1130856
287787 415693
287787 503883
287787 634902
287787 634904
287787 634938
287787 634975
287787 647447
289779 289780
289779 801170
289780 1128453
289780 1153784
289780 801170
289781 1128453
289781 1153784
289781 289780
289781 801170
289885 1115701
289885 20924
292277 578845
294030 20924
307015 1131198
307015 335733
307015 39474
307015 643199
307656 1131360
307656 270085
310530 38839
315789 1138027
315789 1139195
318187 1116922
321861 1117089
335733 643199
337766 110162
346243 521251
360028 1118823
368605 1153003
375605 1119505
375825 1119623
377303 1129572
379288 67633
385067 272345
387795 128540
389715 107251
389715 107252
390693 1131639
395725 1135115
395725 1153933
397488 1120643
397488 1134865
397590 1120650
415693 254923
416867 1121537
421481 375825
423816 1134865
423816 48781
427606 1138968
427606 62329
447224 164885
449841 1123093
458439 1123493
459206 1123530
459213 1123530
459214 1123530
459216 1123530
459216 593210
467383 1128977
467383 116553
486840 1128975
486840 595063
503877 1131374
503877 1153577
503877 1154076
503883 1131374
503883 1153577
503883 1154076
503883 577331
503883 646809
503883 646836
503883 646913
503883 647413
503883 647447
503893 1153577
503893 33904
503893 646837
509379 1125393
513189 1125597
513189 573964
513189 576691
513189 787016
520471 1125953
521183 1125992
521183 521207
521183 521251
521207 521269
521251 1125992
521252 1125992
521269 1125993
545647 582511
562940 1127619
562940 61417
563613 1129572
563613 31927
566653 3085
566653 566664
566664 3085
568857 1129629
568857 1153816
573535 693143
573553 1129608
573553 1135750
573553 1138970
573553 171954
573553 820662
573964 513189
573964 576691
573964 787016
574009 594900
574264 576795
575077 117316
575077 579008
575077 593544
575077 594649
575077 608190
575077 608191
575077 66556
575077 94641
575292 1131734
575292 1138968
575402 1129778
575795 1128975
575795 595063
576362 1129629
576362 286500
576362 568857
576691 1128198
576725 576795
576795 1128201
576973 1128208
576973 58758
577227 1131752
577331 1128227
578646 1128291
578646 1128319
578646 1153899
578646 1153900
578646 578645
578646 578649
578650 1128291
578650 1153853
578650 578649
578669 1128943
578669 1128978
578845 578645
578845 593240
578845 593559
578845 593560
578898 578646
579008 1128943
579008 1128978
579008 248425
579008 593921
579008 594387
579108 1128314
582343 1128437
582349 1128437
582511 545647
591016 1128856
591016 591017
591017 1128856
592826 1128935
592830 1128935
592973 592975
592973 592986
592975 592986
592986 592975
592993 1128943
592993 1128978
592993 593105
592996 1128943
592996 1128978
593022 1128946
593060 1128977
593091 593248
593104 1129015
593104 593921
593104 593942
593155 593240
593201 594649
593209 593210
593240 1136791
593240 593210
593328 87363
593329 87363
593544 1128982
593559 593560
593560 593559
593942 1129015
593942 1153896
594011 1153896
594011 593942
594039 1129015
594047 1129629
594047 650834
594511 1153899
594511 1153900
601462 1129367
601462 1129368
601462 1129369
606479 1129610
608190 608191
608190 70970
608191 70970
608326 1129683
608326 1131611
616336 689439
634902 634975
634904 634975
634938 1130847
640617 259702
643199 1131198
643734 643777
643735 643734
646412 1131330
646809 1131374
646809 1154076
646809 646913
646900 1131359
646900 1131360
646900 1132731
646900 646913
646913 1131359
646913 647413
647315 1154076
647447 577331
648369 1131414
650807 1131549
650807 1131565
650814 1131550
653628 1133930
654177 1131728
656048 1131828
656231 103531
662250 1132073
682508 1132857
683294 1132857
683294 682508
693143 573535
693143 695284
734406 1135115
735303 735311
754594 1136040
756061 1136110
756061 1136446
756061 1136447
762980 1136446
762980 1136447
763009 1136446
763009 1136447
763009 1136449
763010 1136446
763010 1136447
763010 1136449
763010 762980
787016 573978
954315 1155073
