114 1103315
114 1105394
114 1106112
114 1106172
114 1106406
114 1107455
114 1111052
114 1114125
114 1117942
114 1118245
114 1118332
114 1120170
114 1126029
114 124064
114 128
114 130
114 136665
114 191404
114 193742
114 23258
114 28227
114 28287
114 28350
114 28387
114 28471
114 28485
114 341188
114 38480
114 39403
114 55968
114 58540
114 6155
114 6170
114 6196
114 6220
114 64484
114 7432
114 755217
114 8213
114 91975
114 976334
117 1109581
117 149669
117 17476
117 189708
117 206259
117 28202
117 28278
117 28387
117 28471
117 32872
117 33013
117 341188
117 38480
117 39403
117 6170
117 6214
117 75674
128 1114125
128 20526
128 39403
128 91975
130 13960
130 345340
130 39403
288 1118092
288 36167
424 218666
424 47684
504 1102364
504 1112650
504 506
504 89416
506 1102364
506 1106546
506 89416
906 1103979
906 1105344
906 1114352
906 1136397
906 1140040
906 34355
906 910
910 1104379
910 1105344
910 1105530
910 1108834
910 1110520
910 1114118
910 1116569
910 1118848
910 1120858
910 1122460
910 1126044
910 1129111
910 1135137
910 1140040
910 1152194
910 12439
910 12946
910 131042
910 13136
910 160705
910 227286
910 242637
910 28278
910 31043
910 340075
910 340078
910 34355
910 35905
910 42847
910 436796
910 48550
910 5462
910 576257
910 58552
910 5869
910 636511
910 67292
910 675649
910 684372
910 755217
910 94953
1213 1154525
1213 409725
1213 8766
1237 102938
1237 1106112
1237 143676
1365 1031453
1365 1102407
1365 1105062
1365 1106287
1365 1108050
1365 1110494
1365 1110998
1365 1114153
1365 1114352
1365 1114388
1365 1114605
1365 1116347
1365 1116594
1365 1117653
1365 1119140
1365 1120211
1365 1120866
1365 1128839
1365 1129443
1365 1130600
1365 1131647
1365 1131745
1365 1131748
1365 1132922
1365 1132968
1365 1135137
1365 1135368
1365 1136422
1365 1136442
1365 1152143
1365 1152821
1365 1154169
1365 120084
1365 139865
1365 157401
1365 161221
1365 171225
1365 184918
1365 188318
1365 188471
1365 22835
1365 23448
1365 23502
1365 23507
1365 237521
1365 26850
1365 330148
1365 340075
1365 340299
1365 39904
1365 436796
1365 49482
1365 560936
1365 562123
1365 628500
1365 648232
1365 649731
1365 69392
1365 7276
1365 7297
1365 77758
1365 782486
1365 83826
1365 85299
1365 853150
1365 90888
1365 93555
1365 948299
1365 948846
1365 949318
1365 949511
1365 950052
1365 950305
1717 1115291
1717 1116336
1717 1135108
1717 50381
1717 733167
1919 1108389
1919 1109581
2658 1115375
2658 1130676
2658 1130808
2658 1131607
2658 1132948
2658 1135899
2658 1140230
2658 230884
2658 236759
2658 282700
2658 395540
2658 578347
2658 696342
2658 696345
2658 696346
2658 751408
2658 99023
2663 1119671
2665 1105574
2665 1113035
2665 1115375
2665 1122704
2665 1130676
2665 1130808
2665 1131607
2665 1132486
2665 1132948
2665 1132968
2665 205192
2665 230884
2665 237489
2665 2658
2665 395540
2665 43639
2665 578306
2665 578309
2665 578337
2665 578347
2665 582139
2665 630817
2665 631052
2665 696345
2665 696346
2665 751408
2665 99023
2695 1108169
2695 1120197
2695 2698
2695 342802
2696 1108050
2696 1108169
2696 1113035
2696 1114192
2696 1118083
2696 1120858
2696 1123239
2696 1133004
2696 160705
2696 256106
2696 2695
2696 2698
2696 342802
2696 469504
2696 5348
2696 5869
2696 99025
2698 1114192
2698 256106
2698 2695
2698 342802
2698 99025
2702 1120777
2702 12330
2702 395553
2702 72056
3187 1110000
3187 129896
3187 280876
3187 5086
3191 105865
3191 1106789
3191 1127530
3191 1131267
3191 129896
3191 137873
3191 162664
3191 308920
3191 310742
3191 3192
3191 423463
3191 5086
3191 561364
3191 642827
3192 105865
3192 129896
3192 310742
3192 3191
3192 423463
3192 5086
3192 561364
3192 642827
3229 100197
3229 1050679
3229 1105718
3229 1106568
3229 1108209
3229 1108834
3229 1109392
3229 1112767
3229 1125082
3229 1125895
3229 1126037
3229 1128839
3229 1128868
3229 1130915
3229 1130927
3229 1131647
3229 1131748
3229 1132418
3229 1140289
3229 1152277
3229 1152673
3229 1154169
3229 1154251
3229 118559
3229 133550
3229 157401
3229 16461
3229 189577
3229 23502
3229 25181
3229 25184
3229 27174
3229 27631
3229 35343
3229 35863
3229 35922
3229 390922
3229 396412
3229 444191
3229 447250
3229 48550
3229 49482
3229 52515
3229 62347
3229 641976
3229 654326
3229 7022
3229 72101
3229 83826
3229 90888
3229 919885
3229 92065
3229 948299
3229 949511
3229 96335
3243 1103610
3243 1104055
3243 1113739
3243 307336
3243 30895
3243 30901
3243 368431
3243 854434
3243 96335
4329 105899
4329 1110768
4329 1111304
4329 28254
4329 395547
4329 46468
4329 510718
4330 1103676
4330 1104449
4330 1108834
4330 11093
4330 1112929
4330 1114352
4330 1132459
4330 1132461
4330 1135108
4330 1136393
4330 1136397
4330 1152917
4330 118436
4330 119956
4330 120013
4330 12946
4330 137873
4330 151708
4330 168410
4330 1717
4330 299197
4330 32688
4330 35797
4330 37884
4330 390889
4330 395553
4330 428610
4330 4329
4330 46468
4330 684986
4330 69392
4330 69418
4330 753265
4330 949217
4335 1104300
4335 1121254
4335 1136310
4335 1136397
4335 1140547
4335 116790
4335 1717
4335 239800
4335 32698
4335 35922
4335 390889
4335 46468
4335 62274
4335 62417
4335 755082
4335 95718
4553 1102548
4584 1031453
4584 1113739
4584 1116347
4584 1120020
4584 1128839
4584 1130567
4584 1130600
4584 124064
4584 128
4584 13885
4584 13917
4584 168410
4584 188471
4584 193742
4584 28278
4584 28287
4584 293285
4584 36167
4584 6151
4584 6155
4584 6184
4584 6196
4584 6210
4584 6213
4584 6214
4584 628500
4584 628815
4584 782486
4584 976334
5086 109323
5086 1105698
5086 129896
5086 137849
5086 3187
5086 3191
5086 354004
5086 423463
5086 440815
5086 561364
5086 79809
5194 1152714
5194 133550
5194 133563
5194 133566
5194 140569
5348 1108050
5348 1114192
5348 1118083
5348 1120197
5348 1120858
5348 1123239
5348 1132968
5348 139547
5348 256106
5348 2695
5348 2696
5348 342802
5348 75695
5348 911198
5348 99025
5454 1105574
5454 1128425
5454 1130680
5462 1129111
5462 119956
5462 227286
5462 910
5869 1110520
5869 910
6130 1132461
6130 1154123
6130 1154124
6130 671269
6130 675847
6151 1106547
6151 1107355
6151 1130567
6151 1385
6151 193742
6151 6152
6151 6155
6151 6213
6151 6214
6152 299195
6155 1126029
6163 1106966
6163 1111052
6163 1113739
6163 130
6163 134128
6163 20534
6163 28202
6169 1106406
6169 1114629
6169 1130567
6169 170338
6169 20526
6169 7419
6184 10981
6184 1105718
6184 1120731
6184 1136422
6184 13686
6184 27631
6184 3229
6184 399339
6196 1120731
6196 1153056
6196 28387
6196 58540
6196 81350
6196 976334
6209 118259
6209 118260
6209 168410
6209 181782
6209 212930
6209 28485
6209 38480
6209 8213
6209 95579
6210 1120731
6213 1103315
6213 1105764
6213 1106406
6213 1106547
6213 1106966
6213 1107355
6213 1107455
6213 1109957
6213 1111052
6213 1111230
6213 1111304
6213 1113182
6213 1113459
6213 1113614
6213 1116347
6213 1117760
6213 1117942
6213 1120020
6213 1122425
6213 1123553
6213 1128267
6213 1129096
6213 1129243
6213 1130567
6213 124064
6213 128
6213 13193
6213 134128
6213 1385
6213 13960
6213 153598
6213 161221
6213 17208
6213 193742
6213 195361
6213 20526
6213 20534
6213 218410
6213 23774
6213 241133
6213 28202
6213 28227
6213 28278
6213 28350
6213 28471
6213 28485
6213 293271
6213 299195
6213 299197
6213 353541
6213 35863
6213 38480
6213 399339
6213 55968
6213 58540
6213 6151
6213 6155
6213 6163
6213 6184
6213 6210
6213 6214
6213 6215
6213 6220
6213 6224
6213 628667
6213 628668
6213 628815
6213 672064
6213 7419
6213 755217
6213 91975
6214 1105764
6214 1106172
6214 1115886
6214 1126029
6214 1130600
6214 1152740
6214 124064
6214 13960
6214 149669
6214 188471
6214 23258
6214 27631
6214 28278
6214 345340
6214 38480
6214 399339
6214 6155
6214 6184
6214 6196
6214 6215
6214 6224
6214 628500
6214 6378
6214 93320
6214 95589
6215 1120170
6215 6224
6216 1113739
6216 1116347
6216 1123553
6216 230300
6216 976334
6220 134128
6220 6163
6220 6224
6224 28387
6224 345340
6224 6163
6238 10793
6238 1123991
6238 1130356
6238 84459
6378 1122425
6378 1129208
6378 28473
6385 1103162
6385 1129243
6385 17476
6385 28473
6385 55968
6385 6378
6385 682666
6385 892139
6775 1111240
6775 350319
6784 100961
6784 1116629
6784 350319
6784 35797
6784 560936
6784 562123
6784 60170
6784 6775
6786 1106789
6786 714975
6814 1117348
6814 1125469
6814 158172
6814 293974
6814 300071
6814 315266
6814 37884
6814 390896
6814 445938
6818 1105531
6818 1121254
6818 1128425
6818 293974
6818 37884
6818 390896
6818 50336
6818 50337
6898 1123188
6898 124224
6898 12631
6898 431206
6898 6910
6898 78994
6910 1117219
6910 1123188
6910 1132083
6910 1152150
6910 1154103
6910 169279
6910 263553
6910 431206
6910 662416
6913 1105011
6913 1116336
6913 1131230
6913 1135108
6913 1152917
6913 1717
6913 428610
6913 431206
6913 4330
6913 703953
7041 1120880
7047 1135082
7047 212930
7047 2663
7047 54844
7272 7276
7272 7297
7272 763181
7276 763181
7296 763181
7297 7276
7297 763181
7419 1105764
7419 1107312
7419 1109581
7419 1113182
7419 1117760
7419 1118245
7419 341188
7430 1153287
7430 95586
7532 1121603
7532 1153097
7532 141171
7532 314459
7532 7537
7532 80515
7537 1113534
7537 1131348
7537 1153097
7537 141171
7537 314459
7537 409255
7537 7532
8581 1120059
8581 1132968
8581 2665
8581 75691
8581 75695
8591 1154525
8591 137956
8591 167205
8591 709113
8594 1132809
8594 1154525
8594 1213
8594 180187
8594 232605
8594 58268
8594 709113
8594 8591
8766 409725
8961 1103610
8961 1133390
9559 1102794
9559 252725
9581 1130780
9581 633585
10981 1102873
10981 23507
11093 39199
11148 1129835
11148 1131719
11148 193354
11148 25413
12330 107569
12330 1120777
12330 1152490
12330 1153861
12330 156977
12330 213279
12330 395553
12330 400356
12330 949217
12337 16451
12337 16470
12337 16474
12337 57764
12347 16451
12347 72101
12359 1131634
12359 16451
12359 242637
12439 105057
12439 323128
12439 340078
12631 1123188
12631 1152150
12631 1154103
12631 12638
12631 662416
12631 6898
12631 6910
12631 78994
12638 1123188
12638 119761
12638 263553
12638 4330
12638 662416
12638 6898
12638 6910
13024 899119
13136 1118083
13136 160705
13193 17208
13193 755217
13195 1107312
13195 1120731
13195 755217
13205 1105148
13205 13208
13208 1105148
13208 131318
13212 1105148
13212 131318
13212 13208
13212 170338
13212 214472
13212 358884
13212 411005
13213 1152143
13213 131318
13269 17476
13686 1107355
13686 1385
13885 1104379
13885 13917
13885 31043
13885 42847
13885 84459
13917 1120020
13966 13960
13972 1126050
13972 20534
14083 1103016
14090 1103016
14090 643069
14428 1103031
14428 1103969
14428 14429
14428 14431
14428 34082
14428 73119
14429 1103031
14429 1103969
14429 1119216
14429 14431
14429 34082
14429 73119
14430 1103031
14430 1103969
14430 1119216
14430 14429
14430 14431
14430 34082
14430 73119
14431 1103031
14807 1111240
14807 264347
15076 25702
15076 708945
15984 158098
15984 189577
15984 308920
15984 714975
15987 1127530
15987 158098
15987 3192
15987 523394
15987 653441
15987 714289
16008 1105531
16008 1131165
16008 158098
16008 189571
16008 189572
16008 189577
16008 308920
16008 3191
16008 3192
16008 523394
16008 642827
16437 152219
16437 16470
16437 16474
16437 430329
16437 51831
16451 118436
16461 1105603
16470 1129621
16471 1104787
16471 1114992
16471 1126044
16471 16474
16471 273949
16474 16471
16476 1123087
16476 1129621
16476 12359
16476 16474
16485 105856
16485 1104787
16485 1105603
16485 1109891
16485 1120049
16485 1123087
16485 12347
16819 1131167
16819 1131236
16819 1131274
16819 1131312
16819 126793
16819 643003
16819 643069
16819 643221
16819 644093
16819 644334
16819 646195
16819 646286
16843 1152259
16843 1152991
16843 643069
17201 1118245
17201 1126012
17201 17208
17201 184157
17201 32872
17201 95435
17208 1152633
17208 184157
17208 32872
17208 95435
17242 1115291
17242 280876
17363 444191
17476 1103162
17476 1105033
17476 1122425
17476 1129208
17476 170338
17476 33013
17476 682666
17476 892139
17477 1103162
17488 1103162
18251 1106052
18313 249421
18532 86923
18536 1106854
18536 424540
18536 86923
18770 28964
18770 531348
18770 531351
18774 73146
18777 103537
18777 1112686
18777 116790
18777 173863
18777 18774
18777 33013
18777 345340
18777 445938
18777 510718
18777 66794
18777 73146
18777 79817
18777 94713
18811 1106401
18811 1112686
18811 20920
18812 20920
18812 510715
18815 1104449
18815 20920
18832 1122425
18832 18833
18832 682666
18832 81350
18834 1152740
18834 1152944
18834 18833
19621 1106287
19621 1114153
19621 1126044
19621 1128846
19621 1131464
19621 1135082
19621 1135137
19621 123825
19621 184918
19621 23448
19621 330148
19621 42847
19621 49482
19621 6184
19621 62347
19621 628888
19621 631052
19621 649730
19621 649739
19621 66990
19621 684372
19621 7276
19621 7297
19621 83826
19621 853116
19621 948147
19621 948299
19621 950052
19697 131318
19697 239800
19697 32698
19697 40124
19697 95718
20526 1103315
20526 1118092
20528 1103315
20528 1103676
20534 1103315
20534 1106966
20534 1107455
20534 1111052
20534 23774
20534 7419
22835 1110563
22835 39904
23069 23070
23069 74700
23070 1116044
23070 134307
23070 134316
23070 74698
23070 87915
23116 1105433
23116 40124
23116 576257
23258 1106052
23258 168410
23258 18251
23502 184918
23502 23507
23507 1109392
23507 152731
23507 217852
23507 23502
23507 649731
23507 93320
23774 1106406
23774 1107455
23774 7432
24043 1111265
24043 15076
24043 928873
24476 1103499
24476 1106546
24476 1153024
24530 1109581
24966 1104449
24966 1105344
24966 1105433
24966 1106671
24966 1123576
24966 1131149
24966 1131267
24966 1152194
24966 1154042
24966 124828
24966 131042
24966 131318
24966 145134
24966 145176
24966 19697
24966 197452
24966 202639
24966 23116
24966 239800
24966 27627
24966 40124
24966 63549
24966 641976
24966 65212
24966 671293
24966 79809
24966 92065
24966 95719
24974 1104258
24974 1112723
24974 131042
24974 34315
24974 40125
25181 1152277
25181 1152673
25181 1154251
25181 25184
25181 27174
25181 96335
25184 285675
25184 385572
25702 1108834
25702 1118848
25702 1136397
25702 147870
25702 202639
25702 675649
25702 910
25791 28202
25791 45212
26850 1114605
27174 180373
27174 25184
27174 35343
27174 96335
27249 368431
27510 1110998
27510 1128990
27510 1152143
27510 188318
27514 1152143
27623 105899
27623 1104182
27623 1126029
27623 27632
27623 28254
27623 686015
27623 686030
27623 686061
27623 75674
27627 105899
27627 23116
27627 27632
27627 28254
27627 686015
27627 686030
27627 686061
27631 20528
27631 28254
27631 55968
27632 28254
28202 1114629
28202 1128267
28202 325497
28227 20526
28227 6169
28249 1116347
28249 1129096
28249 628668
28254 105899
28254 1118092
28254 686015
28254 686061
28278 1107312
28287 1106547
28287 1107355
28287 1385
28287 567005
28350 1109957
28350 1113459
28350 1129243
28350 13193
28350 241133
28350 28227
28350 341188
28350 6210
28350 6220
28350 628667
28350 628668
28350 95579
28359 35863
28385 1106112
28385 1125895
28385 118558
28387 1107312
28389 353541
28412 27631
28412 6217
28412 6220
28471 91975
28485 168410
28485 23258
28487 1153056
28487 128
28487 206259
28487 8213
28487 95586
28489 13193
28489 6210
28491 1152910
28491 153598
28491 341188
28491 782486
28504 1153287
28504 131315
28504 365294
28504 7430
28504 95589
28542 124064
28542 206259
28632 32260
28957 103537
28957 1105531
28957 159897
28957 189577
28957 28964
28957 35922
28957 66794
28957 94713
28964 1125402
28964 1125944
29492 1112426
29492 1122574
29492 131117
29492 144408
29492 152219
29492 29708
29492 3229
29492 400473
29708 131315
29723 131315
29723 300071
29723 35905
29723 6818
29738 155277
30817 1120211
30817 3229
30817 631052
30817 75691
30895 1152277
30895 1152673
30895 1154251
30895 30901
31489 1130780
31489 1152150
31489 227286
31489 40583
31489 40605
31489 632796
31489 632874
31489 632935
31489 633585
31489 633721
31489 9581
31863 358894
31863 91581
32260 62274
32260 94713
32276 15076
32276 174418
32276 39199
32276 636500
32276 636511
32276 84695
32688 1717
32688 69418
32698 95719
32872 1118245
33231 1105531
33231 1121254
33231 1132887
33231 158172
33231 293974
33231 300071
33231 315266
33231 445938
34082 1103969
34082 1119216
34315 1103979
34315 40125
34355 1103979
35335 168958
35335 35343
35335 59772
35343 1118332
35778 108962
35778 108983
35778 1108389
35778 1125469
35778 1919
35778 519318
35778 73146
35797 100961
35797 1050679
35797 1110998
35797 1116629
35797 1128974
35797 188318
35797 399370
35797 60169
35797 60170
35797 627024
35863 134060
35863 28359
35905 1152162
35905 1152272
35905 1152904
35905 29723
35922 1105116
35922 1140547
35922 1152162
35922 1152272
35922 1152904
35922 194223
35922 390894
35922 390896
35922 390922
35922 396412
35922 50336
35922 50337
35922 66982
36131 1152633
36131 17208
36131 77438
36140 105057
36140 1104055
36140 12439
36140 27249
36140 323128
36140 350373
36140 35797
36140 46500
36140 57764
36167 20528
36802 1108389
36802 130
36802 189856
36802 37888
36802 589923
36802 590022
37879 1105116
37884 300071
37888 1108389
37888 1125469
37888 1152633
37888 293974
37888 77438
38480 1104182
38537 1131270
38537 1131277
38537 137868
38537 153063
38537 642847
38537 646195
38771 1104191
39199 39210
39199 66982
39199 66990
39210 66982
39210 66986
39403 130
39890 1123689
39890 1154229
39890 1154232
39890 1154233
39890 149669
39890 162664
39890 189571
39890 242663
39890 3191
39890 51045
39890 521855
39890 523394
39890 559804
39890 653441
39890 714256
39890 714289
39890 714975
40124 1104258
40124 1112723
40125 1104258
40131 118079
40135 118079
40135 13686
40605 40583
40605 633721
40605 884094
41216 1104300
42156 1116594
42156 1118120
42156 1152179
42156 340299
42847 1104379
42848 1104379
42848 1116835
43165 1131195
43186 1135894
43186 152731
43186 16461
43639 469504
43639 99025
45212 1105764
45212 120013
46468 27249
46500 57764
46501 1153275
46501 57764
47682 47683
47682 47684
48550 133563
48550 227286
48555 133563
48555 48550
49482 1112369
49482 217984
49482 631052
49482 7297
50336 13269
50336 35922
50336 390894
50336 50337
50336 683355
50337 13269
50337 390894
50337 396412
50354 123556
50354 14807
50354 289088
50381 62274
51045 242663
51049 1134320
51049 1154232
51049 242663
51049 39890
51049 51045
51052 242663
51052 51045
52515 300806
52515 39199
52515 446271
54844 1104946
55968 892139
57764 711527
58268 13024
58268 137956
58268 899119
58540 181782
58552 1113828
58552 248395
59772 35335
59798 1152277
59798 1152673
59798 1154251
59798 180373
59798 25181
59798 27174
59798 30895
59798 96335
60159 399370
60159 60169
60169 399370
60170 399370
62274 32260
62274 50381
62274 94713
62347 62333
62417 1107558
62417 41216
62676 14083
62676 312409
63549 1105344
64484 1105394
65057 1125909
65057 134307
65057 519353
65057 74698
65074 1110209
65074 1117920
65074 134307
65074 134316
65074 142268
65074 23070
65074 65057
65074 714748
65074 74698
65074 87915
65212 1105433
65212 1154042
65212 23116
66794 1102646
66794 1153031
66982 39210
66986 39210
66990 1117501
66990 1152490
66990 1153861
66990 390889
66990 39210
67292 1105530
67584 1127558
67584 1127566
67584 562067
68115 47684
68224 1105574
68224 1128425
68224 1130680
68224 582139
69198 231198
69198 411005
69198 8581
69392 1132461
70520 27631
70520 36167
71336 1105718
71736 1152259
71736 1152991
71904 239800
71904 95718
72056 1135122
72101 1118347
72406 1105764
72805 899085
73119 14429
73119 14431
73146 1108389
73146 116790
73146 18774
73146 35778
73162 1134320
73162 1134348
73162 189774
73162 519353
73162 521855
73162 559804
73162 653441
73162 714260
73162 714748
73162 714879
74698 134307
74698 23070
74700 134307
74700 23069
74821 1120252
74821 1131149
74821 1131150
74920 1105877
74921 1105877
74937 1105877
74937 74920
74937 74921
75318 103430
75318 1121569
75318 141171
75674 1109957
75674 686015
75693 214472
75694 214472
75695 1113035
75695 1120059
75695 139547
75695 911198
75983 1106568
75983 1115790
77438 106590
77438 1129994
77438 1152633
77438 158172
77438 293974
77438 37888
77438 589923
77438 590022
77758 1129907
77758 1131745
77758 180373
77758 424
77758 613409
77758 910
78994 662279
78994 662572
79809 1121659
79809 1131466
79809 1153275
79809 31863
79809 358866
79809 79817
79809 91581
79817 1131466
80491 314459
80491 7532
80491 80515
80515 1121603
80515 314459
81350 1106172
81350 892139
83826 1106287
83847 1106287
83847 1117501
83847 1130678
83847 66986
85299 23258
85299 299197
85324 299197
85324 628751
86359 1133469
86359 1152740
86359 1152944
86359 18834
86923 1114184
86923 18532
87915 1110209
87915 1153786
87915 142268
87915 23070
89416 1106546
89416 1153024
89416 137130
89416 506
89416 65074
90470 106590
90470 1129994
90888 13885
90888 340075
91038 52515
91581 31863
91581 358894
91975 1113459
92065 1106671
93318 1126050
93555 1152958
93555 119761
93555 143801
93555 284023
93555 284025
94229 1111733
94229 1123087
95586 95589
95588 95579
95594 1153287
95594 7430
95594 95589
95597 95579
95718 32698
95719 32698
99023 578306
99023 578309
99023 578347
99030 578337
100197 193931
100197 447250
100961 60169
102938 143676
102939 102938
102939 143676
103430 1154074
103430 75318
103482 1114388
103482 1119140
103482 1128990
103482 27510
103482 27514
103537 126912
103543 126912
103543 126927
105856 193931
105856 273949
105856 289085
105865 193931
105865 193932
105899 1111304
106590 1095507
106590 1129994
107569 1107385
107569 1120777
108962 108963
108962 1095507
108962 159897
108962 310653
108963 108962
108963 1095507
108974 108962
108974 108963
108974 1125469
108974 1133417
108974 66794
108983 108962
108983 159897
108983 310653
108983 683404
109323 137849
114966 1125258
115188 1107728
116512 1107808
116790 345340
118259 118260
118259 230300
118260 230300
118424 118436
118435 118436
118559 1108209
118559 1121739
119712 1114118
119761 143801
119761 284025
120084 1140543
120817 1109873
120817 1140543
121792 1152394
123556 141160
123556 14807
123556 50354
123825 1131464
123825 1131634
123825 1154276
123825 23448
123825 42847
123825 447250
123825 649730
123825 649739
124064 6163
124064 6220
124064 6224
124224 169279
124224 6898
124828 1108169
126793 1131270
126793 16843
126867 1108258
126868 1108258
126868 126867
126909 103543
126912 103543
126912 66990
126920 103543
126920 126927
126920 645897
126926 103543
126926 126909
126927 103543
126927 126920
126927 644093
126927 645897
126927 646286
127940 1114364
127940 243274
129287 907845
131042 40125
131117 152219
131117 212930
131122 212930
131315 411005
131317 411005
131318 411005
133550 1109891
133550 133566
133550 140569
133553 105856
133553 1120049
133563 105856
133563 1120049
133563 133566
133566 1152714
133567 1152714
133567 133566
133628 1108570
134060 481073
134128 1113182
134128 1113614
134128 1117760
134307 134316
134314 1116044
134314 134316
134315 23069
134316 1117920
134316 142268
134320 23069
135464 1133004
135464 1135589
135464 120084
135464 237489
135464 8581
136665 23258
137130 23070
137130 65074
137849 1115291
137849 17242
137868 1110000
137868 1131277
137868 1131300
137868 1154068
137868 642827
137868 91581
137956 13024
139738 1108834
139865 1108841
139865 1110563
141160 1109891
141160 1131345
141160 133553
141160 917493
141171 1121569
141596 40125
142268 1110209
142268 1117920
142268 134316
143476 1112686
143676 102938
143801 284025
144408 219446
144408 3229
145134 129287
145134 641976
145176 1112723
145176 1132418
145176 40124
145315 294126
145315 649944
145384 1153287
145384 7430
145384 95589
147870 1109185
147870 1132434
147870 636500
149139 1123215
149669 589923
151708 1120786
152731 1109392
152731 23507
153063 1131223
153063 440815
153063 561568
153063 561581
153063 561593
153063 561595
153063 561610
153063 561613
153063 645084
153598 1113459
154023 1112106
154023 1133846
154023 154047
154047 1112106
154047 1133846
154047 154023
156794 1109581
156977 1152490
156977 1153861
156977 390889
156977 395547
157401 1118017
158172 445938
158812 1127812
159084 1152711
159084 159085
159084 241821
159085 1152711
159085 241821
159897 310653
159897 683355
161221 1153922
162075 1109830
162075 162080
162075 737204
162080 1109830
162080 1135345
162080 162075
162080 739707
162664 510718
162664 531348
162664 531351
163235 1109873
168332 86359
169279 1132083
169279 1154103
169280 1132083
169280 1154103
173863 116790
174418 307336
174418 636511
174425 174418
174425 636511
175548 105856
175548 1120049
175548 689152
175548 753070
179180 1110563
179180 1126037
179180 139865
179702 1121569
179702 1152859
179702 141171
179702 424540
179706 141171
180187 1131719
180301 1110628
180373 180399
180399 1120084
180399 385572
184157 95435
184918 171225
184918 330148
187260 1110950
188318 1110998
188471 628500
189566 1153014
189566 189856
189566 310742
189566 36802
189566 90470
189571 1154232
189571 189572
189571 521855
189571 714748
189572 1134348
189574 1123689
189620 1129994
189620 1133417
189623 683355
189655 559804
189655 714260
189655 714748
189708 149669
189774 1134346
189774 714879
189856 1129518
189856 1129994
189856 683355
189856 683404
191222 191216
191222 708945
193347 1129835
193347 1131719
193347 193354
193347 612306
193352 1129835
193352 1131719
193352 193347
193352 193354
193352 612306
193354 1129835
193742 1111230
193742 6152
193918 1111240
193931 1111240
193931 193932
193932 1111240
194223 1126044
194223 390922
195361 1111304
197452 1135894
197452 424
202520 446271
202522 446271
202639 1117348
202639 1123087
202639 1154123
202639 1154124
202639 144408
202639 242637
202639 40131
202639 643597
202639 672064
203646 1116569
205192 1132968
205192 578337
205192 99030
205196 1112929
205196 1130568
205196 1130586
205196 628751
205196 628764
205196 628766
205196 815096
205196 950986
212097 1112071
212107 1112071
216877 1117618
216877 334153
216878 1117618
216878 334153
216878 711527
217984 1112369
218410 1152663
218410 134128
219218 1112417
219446 1112426
219446 1127812
219446 249421
219446 567018
226698 1112767
226698 1122304
227286 1115790
228990 228992
230300 118260
230879 1130808
230879 1132486
230879 1132948
230879 1133428
230879 1140230
230879 205192
230879 230884
230879 236759
230879 2658
230879 578309
230879 578337
230879 696342
230879 696343
230879 696345
230879 696346
230879 751408
230879 851968
230879 99030
230884 1131607
230884 1132486
230884 1135899
230884 751408
231198 1153195
231198 1153922
231198 144408
232605 25413
232606 1132809
232606 232605
232606 25413
232860 1113084
233106 12275
233106 630890
237489 1120059
237489 2665
237521 2665
239800 95718
240321 1132434
240321 1132459
240321 1136397
240321 1154123
240321 1154124
240321 428610
240321 447250
240321 675649
240321 675847
240321 69392
241133 1113459
241821 1152711
241821 159085
242637 1113541
245288 1122460
248395 1113828
248395 58552
249421 1127812
249421 567018
253762 23116
253971 1129621
255628 1135589
255628 1140543
255628 120084
256106 1114192
258259 168958
260121 1114352
263553 1117219
263553 662416
263553 6910
264347 1153183
264556 120084
264556 289085
264556 335042
267824 1153195
267824 69198
270456 203646
270456 63549
273949 1114992
278394 627024
278394 851968
278403 627024
280876 1115291
282700 1115375
284023 1152958
284023 1152959
284023 119761
284023 346292
284025 119761
284025 949217
285687 285675
288107 1123215
289085 689152
289088 689152
289945 48550
293271 293285
293974 1125469
294126 649944
300806 1133010
300806 29723
300806 396412
300806 6818
302545 1152858
307336 285675
307336 708945
310653 159897
314459 1121603
318071 1153014
321004 1117049
325314 1122704
330148 184918
330148 23502
330208 469504
330208 99025
334153 1117618
335042 1117653
335042 289085
340078 928873
340078 949217
341188 1117942
341188 682666
342802 2695
346292 1152958
346292 284023
348305 193352
350319 193932
354004 1118546
358866 358894
358866 79809
358884 358894
358887 358894
358887 79809
365294 7430
367312 1119211
367312 746058
368431 30901
368657 400455
370366 1140040
370366 641956
370366 928873
376704 1119654
380341 60560
384428 1120019
385572 1120084
395540 1130676
395553 395547
395553 684972
399339 1120731
399370 60159
400356 1120777
400356 66990
400455 368657
400473 131117
408885 1154173
409255 1153097
416964 127940
424540 48555
430329 127940
430574 1105622
430711 1132416
430711 671052
431206 662572
440815 645571
444191 1154068
444191 6910
445938 315266
446610 300071
466170 66794
519318 1125906
519353 1125909
521855 519353
522338 1132864
522338 683360
523010 1126044
523010 1140543
523394 714975
523574 1154229
523574 523394
523574 653441
523574 714289
529165 1126315
531348 531351
531351 531348
559804 653441
559804 714289
560936 562123
560936 91581
561364 642827
561568 153063
561581 561582
561581 646440
561582 561581
561593 1131223
561595 561581
561595 561582
561610 561595
561611 561595
561611 561610
561613 153063
561613 561568
561674 1127541
561674 561581
561674 562067
561789 1127551
561789 561674
561789 562067
561809 1127558
561809 1131300
561809 562067
562067 1127566
562123 560936
567005 1127810
567018 1127812
578306 578347
578309 578347
578337 1132486
578337 236759
578337 696345
578337 696346
578337 99023
578347 578309
578365 578306
578365 578309
582139 1128425
582139 1130680
589923 590022
594119 1129021
594483 1129040
604073 1129494
610529 1153946
612306 1131719
612306 193347
613409 1129907
617378 1130069
617575 1130080
621555 1130243
626530 1130454
626530 1154012
626530 626531
626530 626574
626531 1130454
626531 626574
626574 1154012
626999 139547
626999 911198
627024 911198
628458 628459
628500 1130600
628500 188471
628667 628668
628751 628764
628751 950986
628815 1130567
628888 628764
630817 1130676
630890 1130678
631015 396412
631015 631052
632796 884094
632874 40583
633030 633031
633031 633030
633081 1130780
633081 31489
633081 40605
633081 632796
633081 632874
633585 40605
633585 633721
633585 884094
633721 1130915
641956 1131149
641956 1131150
641976 1131150
641976 672070
641976 672071
642593 1131163
642621 1131164
642621 1131258
642621 16819
642641 645084
642681 1131167
642681 1131236
642681 644093
642681 644334
642681 644441
642681 646286
642798 1131172
642798 644470
642847 642681
642894 1131180
642894 1131236
642894 1131301
642894 1131312
642894 1131335
642894 642798
642894 643239
642894 643485
642894 645046
642894 645870
642894 646286
642894 646334
642894 646357
642920 1131184
642920 642930
642930 1131184
643003 1131189
643069 1131192
643221 1131236
643221 1131257
643221 1131305
643221 1131312
643221 1131334
643221 1131335
643221 126927
643221 16819
643221 642894
643221 643239
643221 643485
643221 644093
643221 644448
643221 644577
643221 645897
643221 646286
643239 1131312
643239 1131334
643239 126927
643239 16819
643239 643221
643239 644093
643485 643221
643695 1154068
643695 643597
644093 1131236
644361 645016
644363 645016
644427 1131257
644427 644577
644441 1131258
644441 644334
644448 1131258
644448 1131314
644448 644470
644448 644494
644494 1131314
644494 644470
644577 1131301
644577 1131305
644577 1131334
644577 643485
644577 645897
644843 1131274
644843 645016
645016 1154071
645046 1131301
645046 646334
645046 646357
645084 1131277
645088 1131277
645088 645084
645452 645016
645571 645897
645870 1131301
645870 644494
645897 126927
646286 6913
646289 6913
646334 646357
646357 646334
648106 1131421
648106 648112
648112 1131420
648112 1131421
648112 648106
648112 648121
648121 1131420
648121 648106
648232 567005
649730 1131464
649731 1131464
649731 123825
649739 1131464
653441 1134346
653441 189774
654326 1131741
654326 654339
654339 1131741
654339 654326
654519 1131754
662416 1123188
662572 431206
671052 1132406
671269 1132418
671269 1132443
671269 1132461
671269 1154123
671269 1154124
671293 1132443
672064 6130
672070 1132443
672070 1154123
672070 1154124
672070 6130
672070 672071
672071 1132443
672071 1132461
672071 6130
672071 672070
675649 1132505
675756 1132505
675756 675649
675847 1132505
683355 683404
683360 683404
683404 683355
684531 684372
684972 395547
684986 395553
684986 684972
687401 273949
688824 1133008
688849 1133010
689152 289085
696343 1133428
696345 236759
696345 2658
696345 696342
696345 696346
709113 1134031
709518 1134056
711994 1134197
714208 189774
714256 1154232
714256 1154233
714256 189572
714256 714260
714256 714748
714260 559804
714260 714879
714289 1154230
714289 1154232
714289 189571
714289 559804
714289 714208
733167 1154276
733534 1135122
733534 948147
733576 1135082
738941 1135455
738941 162080
739280 367312
739280 746058
739707 950305
739816 1135894
739816 1140543
739816 1140548
746058 367312
751408 1135899
752684 1135955
753047 1136631
753047 1136634
753047 753070
753047 753264
753047 753265
753047 767763
753070 753047
753070 753264
753070 767763
753264 753047
753264 767763
753265 753047
755082 1136393
767763 1136631
779960 1137140
814836 1138619
815073 205196
815096 205196
817774 820661
824245 1139009
851968 1140231
853114 19621
853114 853116
853114 853155
853115 19621
853115 853114
853115 853116
853115 853155
853116 19621
853116 853155
853118 1140289
853155 853118
