114 434
424 1135125
1237 1102400
1365 1113995
2665 763009
3187 129897
3191 129897
3229 1103960
3229 1130931
3229 31769
3229 33412
3229 82087
3229 82098
3243 1110947
3243 31932
3243 350362
4330 1103737
4330 1109439
4330 1110438
4330 328370
4584 1102550
4584 1272
4584 132806
6163 96847
6209 1108329
6209 8875
6213 10796
6213 1108329
6213 12576
6213 434
6213 595056
6214 1109199
6214 28447
6214 97892
6216 96847
7047 14549
7272 1136446
7297 763010
12337 1129683
12337 395725
13686 1120431
13686 1272
16437 395725
16485 286500
17201 1107140
17208 1153262
17476 28456
19621 1114442
19621 240791
19621 763009
20528 1107067
20534 70442
23116 1111978
23116 41666
23507 13717
24966 1106370
24974 6771
25702 1153897
27249 8079
27627 116021
27627 18619
28287 128540
28287 308529
28287 387795
28287 56709
28412 1128430
28504 1139928
28957 88356
30895 144679
35863 20972
36140 112378
36140 22563
36140 63915
39890 294030
47682 1125393
66794 1105505
77438 1153262
77758 25772
77758 289885
77758 294030
79809 11342
85299 575292
90888 1113934
100197 688361
162664 118682
162664 39165
202520 1115701
213279 197783
340299 74427
576257 1153943
576257 594649
