35 103482
35 1050679
35 249421
35 27510
35 86359
887 1105033
887 1111304
887 1113614
887 134128
887 161221
887 17476
887 299195
887 299197
887 334153
887 6151
887 6213
887 6215
887 976334
1246 57764
1272 1129208
1272 30895
1272 30901
1272 560936
1481 1106052
1481 13960
1786 35797
2653 1104055
3231 180399
3231 25184
6539 1102646
7032 137873
7032 323128
8079 105057
8224 30895
8224 368431
8617 12359
8703 353541
9708 181782
10183 6378
10796 180373
10796 30895
10796 6217
10796 93320
11339 30901
11342 79809
12182 1153183
12182 28632
12182 94713
12350 16451
17798 323128
19231 686061
22563 12439
22563 13686
22563 36140
22563 94229
23738 189574
23738 27249
23738 73146
25772 641956
27535 13686
27895 105057
27895 1103676
28290 28287
31353 1123576
31353 1152162
31353 1152272
31353 1152904
32083 346292
33818 1123087
34961 31043
36145 1104055
36162 197452
36162 20528
36620 189620
37483 217852
37541 1119140
38722 1106172
38722 81350
40151 1132418
40151 288
40151 671293
44514 253971
45189 1106401
46887 45212
51180 50381
54129 17477
56708 28287
56709 18834
56709 28287
63835 95586
89547 28471
89547 91975
124952 1126012
154982 1130927
189721 1129518
194609 1128868
195792 1128974
248823 682666
260979 1114388
265203 86359
427606 1050679
427606 1131634
574264 815096
